1,200d0
< -inf    -2.30259    -0.5    -0.5
< -3.57756    -2.30259    -0.471429    -0.499372
< -2.77456    -2.30259    -0.436364    -0.49874
< -2.27837    -2.30259    -0.395652    -0.498104
< -1.91418    -2.30259    -0.35    -0.497462
< -1.62549    -2.30259    -0.3    -0.496816
< -1.38625    -2.30259    -0.246154    -0.496165
< -1.18214    -2.30259    -0.188889    -0.49551
< -1.00436    -2.30259    -0.128571    -0.494851
< -0.84707    -2.30259    -0.0655172    -0.494186
< -0.706197    -2.30259    0    -0.493518
< -0.578772    -2.30259    0.0677419    -0.492844
< -0.462565    -2.30259    0.1375    -0.492166
< -0.355854    -2.30259    0.209091    -0.491484
< -0.257282    -2.30259    0.282353    -0.490797
< -0.16576    -2.30259    0.357143    -0.490106
< -0.0804034    -2.30259    0.433333    -0.489411
< -0.000478574    -2.30259    0.510811    -0.488711
< 0.074625    -2.30259    0.589474    -0.488006
< 0.145423    -2.30259    0.669231    -0.487298
< 0.212353    -2.30259    0.75    -0.486584
< 0.275792    -2.30259    0.831707    -0.485867
< 0.336066    -2.30259    0.914286    -0.485145
< 0.393456    -2.30259    0.997674    -0.484419
< 0.44821    -2.30259    1.08182    -0.483689
< 0.500545    -2.30259    1.16667    -0.482954
< 0.550655    -2.30259    1.25217    -0.482215
< 0.59871    -2.30259    1.3383    -0.481472
< 0.644862    -2.30259    1.425    -0.480724
< 0.689248    -2.30259    1.51224    -0.479972
< 0.731991    -2.30259    1.6    -0.479216
< 0.773201    -2.30259    1.68824    -0.478456
< 0.812979    -2.30259    1.77692    -0.477692
< 0.851416    -2.30259    1.86604    -0.476923
< 0.888593    -2.30259    1.95556    -0.476151
< 0.924588    -2.30259    2.04545    -0.475374
< 0.959468    -2.30259    2.13571    -0.474593
< 0.993298    -2.30259    2.22632    -0.473808
< 1.02613    -2.30259    2.31724    -0.473019
< 1.05803    -2.30259    2.40847    -0.472226
< 1.08904    -2.30259    2.5    -0.471429
< 1.11921    -2.27789    2.5918    -0.470627
< 1.14857    -2.25379    2.68387    -0.469822
< 1.17718    -2.23026    2.77619    -0.469013
< 1.20506    -2.20727    2.86875    -0.468199
< 1.23225    -2.1848    2.96154    -0.467382
< 1.25878    -2.16282    3.05455    -0.46656
< 1.28468    -2.14132    3.14776    -0.465735
< 1.30998    -2.12026    3.24118    -0.464906
< 1.3347    -2.09964    3.33478    -0.464073
< 1.35887    -2.07944    3.42857    -0.463236
< 1.38252    -2.05964    3.52254    -0.462395
< 1.40566    -2.04022    3.61667    -0.46155
< 1.42831    -2.02117    3.71096    -0.460701
< 1.4505    -2.00248    3.80541    -0.459848
< 1.47224    -1.98413    3.9    -0.458992
< 1.49355    -1.96611    3.99474    -0.458131
< 1.51444    -1.94841    4.08961    -0.457267
< 1.53493    -1.93102    4.18462    -0.456399
< 1.55504    -1.91393    4.27975    -0.455527
< 1.57477    -1.89712    4.375    -0.454652
< 1.59415    -1.88059    4.47037    -0.453772
< 1.61318    -1.86433    4.56585    -0.452889
< 1.63187    -1.84833    4.66145    -0.452002
< 1.65024    -1.83258    4.75714    -0.451111
< 1.6683    -1.81708    4.85294    -0.450217
< 1.68606    -1.80181    4.94884    -0.449319
< 1.70352    -1.78677    5.04483    -0.448417
< 1.7207    -1.77196    5.14091    -0.447512
< 1.7376    -1.75736    5.23708    -0.446603
< 1.75423    -1.74297    5.33333    -0.44569
< 1.77061    -1.72878    5.42967    -0.444773
< 1.78674    -1.7148    5.52609    -0.443853
< 1.80262    -1.70101    5.62258    -0.44293
< 1.81826    -1.6874    5.71915    -0.442002
< 1.83368    -1.67398    5.81579    -0.441072
< 1.84887    -1.66073    5.9125    -0.440137
< 1.86384    -1.64766    6.00928    -0.439199
< 1.87861    -1.63476    6.10612    -0.438257
< 1.89316    -1.62202    6.20303    -0.437312
< 1.90752    -1.60944    6.3    -0.436364
< 1.92168    -1.59702    6.39703    -0.435411
< 1.93565    -1.58475    6.49412    -0.434456
< 1.94944    -1.57262    6.59126    -0.433497
< 1.96305    -1.56065    6.68846    -0.432534
< 1.97648    -1.54881    6.78571    -0.431568
< 1.98974    -1.53712    6.88302    -0.430598
< 2.00283    -1.52556    6.98037    -0.429625
< 2.01576    -1.51413    7.07778    -0.428648
< 2.02853    -1.50283    7.17523    -0.427669
< 2.04114    -1.49165    7.27273    -0.426685
< 2.05361    -1.48061    7.37027    -0.425698
< 2.06592    -1.46968    7.46786    -0.424708
< 2.07809    -1.45887    7.56549    -0.423715
< 2.09012    -1.44817    7.66316    -0.422718
< 2.10201    -1.43759    7.76087    -0.421718
< 2.11376    -1.42712    7.85862    -0.420714
< 2.12538    -1.41675    7.95641    -0.419707
< 2.13688    -1.4065    8.05424    -0.418697
< 2.14824    -1.39634    8.1521    -0.417683
< 2.15948    -1.38629    8.25    -0.416666
< 2.1706    -1.37634    8.34793    -0.415646
< 2.18161    -1.36649    8.4459    -0.414623
< 2.19249    -1.35674    8.5439    -0.413596
< 2.20326    -1.34707    8.64194    -0.412566
< 2.21392    -1.3375    8.74    -0.411533
< 2.22447    -1.32803    8.8381    -0.410496
< 2.23491    -1.31864    8.93622    -0.409457
< 2.24525    -1.30933    9.03438    -0.408414
< 2.25549    -1.30012    9.13256    -0.407368
< 2.26562    -1.29098    9.23077    -0.406318
< 2.27565    -1.28193    9.32901    -0.405266
< 2.28559    -1.27297    9.42727    -0.40421
< 2.29543    -1.26408    9.52556    -0.403151
< 2.30518    -1.25527    9.62388    -0.40209
< 2.31483    -1.24653    9.72222    -0.401024
< 2.3244    -1.23787    9.82059    -0.399956
< 2.33388    -1.22929    9.91898    -0.398885
< 2.34327    -1.22078    10.0174    -0.39781
< 2.35257    -1.21234    10.1158    -0.396733
< 2.36179    -1.20397    10.2143    -0.395652
< 2.37093    -1.19567    10.3128    -0.394568
< 2.37999    -1.18744    10.4113    -0.393482
< 2.38896    -1.17928    10.5098    -0.392392
< 2.39786    -1.17118    10.6083    -0.391299
< 2.40668    -1.16315    10.7069    -0.390203
< 2.41543    -1.15518    10.8055    -0.389104
< 2.4241    -1.14728    10.9041    -0.388002
< 2.4327    -1.13943    11.0027    -0.386897
< 2.44123    -1.13165    11.1013    -0.385789
< 2.44968    -1.12393    11.2    -0.384678
< 2.45807    -1.11627    11.2987    -0.383564
< 2.46639    -1.10866    11.3974    -0.382447
< 2.47464    -1.10112    11.4961    -0.381327
< 2.48282    -1.09362    11.5948    -0.380204
< 2.49094    -1.08619    11.6935    -0.379078
< 2.499    -1.07881    11.7923    -0.377949
< 2.50699    -1.07148    11.8911    -0.376818
< 2.51491    -1.06421    11.9899    -0.375683
< 2.52278    -1.05699    12.0887    -0.374546
< 2.53059    -1.04982    12.1875    -0.373405
< 2.53834    -1.0427    12.2863    -0.372262
< 2.54603    -1.03564    12.3852    -0.371116
< 2.55366    -1.02862    12.484    -0.369966
< 2.56123    -1.02165    12.5829    -0.368814
< 2.56875    -1.01473    12.6818    -0.36766
< 2.57621    -1.00786    12.7807    -0.366502
< 2.58362    -1.00103    12.8796    -0.365341
< 2.59097    -0.994252    12.9786    -0.364178
< 2.59827    -0.987518    13.0775    -0.363012
< 2.60552    -0.980829    13.1765    -0.361843
< 2.61272    -0.974185    13.2754    -0.360671
< 2.61987    -0.967584    13.3744    -0.359497
< 2.62697    -0.961027    13.4734    -0.358319
< 2.63401    -0.954512    13.5724    -0.357139
< 2.64101    -0.948039    13.6714    -0.355956
< 2.64796    -0.941609    13.7705    -0.35477
< 2.65487    -0.935219    13.8695    -0.353582
< 2.66172    -0.92887    13.9685    -0.352391
< 2.66853    -0.92256    14.0676    -0.351197
< 2.6753    -0.916291    14.1667    -0.35
< 2.68202    -0.91006    14.2657    -0.348801
< 2.68869    -0.903868    14.3648    -0.347598
< 2.69532    -0.897714    14.4639    -0.346394
< 2.70191    -0.891598    14.563    -0.345186
< 2.70846    -0.885519    14.6622    -0.343976
< 2.71496    -0.879477    14.7613    -0.342763
< 2.72143    -0.873471    14.8604    -0.341547
< 2.72785    -0.867501    14.9596    -0.340329
< 2.73423    -0.861566    15.0587    -0.339108
< 2.74057    -0.855666    15.1579    -0.337884
< 2.74687    -0.849801    15.2571    -0.336658
< 2.75313    -0.84397    15.3562    -0.335429
< 2.75935    -0.838173    15.4554    -0.334197
< 2.76554    -0.832409    15.5546    -0.332963
< 2.77169    -0.826679    15.6538    -0.331726
< 2.7778    -0.820981    15.7531    -0.330487
< 2.78387    -0.815315    15.8523    -0.329245
< 2.78991    -0.809681    15.9515    -0.328
< 2.79591    -0.804079    16.0508    -0.326753
< 2.80187    -0.798508    16.15    -0.325503
< 2.80781    -0.792968    16.2493    -0.324251
< 2.8137    -0.787458    16.3485    -0.322996
< 2.81956    -0.781978    16.4478    -0.321738
< 2.82539    -0.776529    16.5471    -0.320478
< 2.83119    -0.771109    16.6463    -0.319215
< 2.83695    -0.765718    16.7456    -0.31795
< 2.84267    -0.760356    16.8449    -0.316682
< 2.84837    -0.755023    16.9442    -0.315412
< 2.85404    -0.749718    17.0435    -0.314139
< 2.85967    -0.74444    17.1429    -0.312864
< 2.86527    -0.739191    17.2422    -0.311586
< 2.87084    -0.733969    17.3415    -0.310305
< 2.87638    -0.728774    17.4408    -0.309022
< 2.88189    -0.723606    17.5402    -0.307737
< 2.88737    -0.718465    17.6395    -0.306449
< 2.89282    -0.71335    17.7389    -0.305158
< 2.89824    -0.708261    17.8382    -0.303865
< 2.90363    -0.703198    17.9376    -0.30257
< 2.90899    -0.69816    18.037    -0.301272
